0.00 0.0000 0.0000 0.0000 0.0000 0.0000 0.0000
0.01 0.0000 0.0000 0.0000 0.0000 0.0000 0.0000
0.03 0.0000 0.0000 0.0000 0.0000 0.0000 0.0000
0.06 0.0000 0.0000 0.0000 0.0000 0.0000 0.0000
0.09 0.0000 0.0000 0.0000 0.0000 0.0000 0.0000
0.12 0.0000 0.0000 0.0000 0.0000 0.0000 0.0000
0.15 0.0000 0.0000 0.0000 0.0000 0.0000 0.0000
0.18 0.0000 0.0000 0.0000 0.0000 0.0000 0.0000
0.21 0.0000 0.0000 0.0000 0.0000 0.0000 0.0000
0.24 0.0000 0.0000 0.0000 0.0000 0.0000 0.0000
0.27 0.0000 0.0000 0.0000 0.0000 0.0000 0.0000
0.30 0.0000 0.0000 0.0000 0.0000 0.0000 0.0000
0.33 0.0000 0.0000 0.0000 0.0000 0.0000 0.0000
0.36 0.0000 0.0000 0.0000 0.0000 0.0000 0.0000
0.39 0.0000 0.0000 0.0000 0.0000 0.0000 0.0000
0.42 0.0000 0.0000 0.0000 0.0000 0.0000 0.0000
0.45 0.0000 0.0000 0.0000 0.0000 0.0000 0.0000
0.48 0.0000 0.0000 0.0000 0.0000 0.0000 0.0000
0.51 0.0000 0.0000 0.0000 0.0000 0.0000 0.0000
0.54 0.0000 0.0000 0.0000 0.0000 0.0000 0.0000
0.57 0.0000 0.0000 0.0000 0.0000 0.0000 0.0000
0.60 0.0000 0.0000 0.0000 0.0000 0.0000 0.0000
0.63 0.0000 0.0000 0.0000 0.0000 0.0000 0.0000
0.66 0.0000 0.0000 0.0000 0.0000 0.0000 0.0000
0.69 0.0000 0.0000 0.0000 0.0000 0.0000 0.0000
0.72 0.0000 0.0000 0.0000 0.0000 0.0000 0.0000
0.75 0.0000 0.0000 0.0000 0.0000 0.0000 0.0000
0.78 0.0000 0.0000 0.0000 0.0000 0.0000 0.0000
0.81 0.0000 0.0000 0.0000 0.0000 0.0000 0.0000
0.84 0.0000 0.0000 0.0000 0.0000 0.0000 0.0000
0.87 0.0000 0.0000 0.0000 0.0000 0.0000 0.0000
0.90 0.0000 0.0000 0.0000 0.0000 0.0000 0.0000
0.93 0.0000 0.0000 0.0000 0.0000 0.0000 0.0000
0.96 0.0000 0.0000 0.0000 0.0000 0.0000 0.0000
0.99 0.0000 0.0000 0.0000 0.0000 0.0000 0.0000
1.02 0.0000 0.0000 0.0000 0.0000 0.0000 0.0000
1.05 0.0000 0.0000 0.0000 0.0000 0.0000 0.0000
1.08 0.0000 0.0000 0.0001 0.0000 0.0001 0.0000
1.11 0.0000 0.0000 0.0001 0.0001 0.0001 0.0000
1.14 0.0000 0.0000 0.0004 0.0001 0.0001 0.0000
1.17 0.0000 0.0000 0.0009 0.0004 0.0001 0.0000
1.20 0.0000 0.0000 0.0022 0.0007 0.0002 0.0000
1.23 0.0000 0.0000 0.0050 0.0013 0.0002 0.0000
1.26 0.0000 0.0000 0.0104 0.0020 0.0003 0.0000
1.29 0.0000 0.0000 0.0205 0.0035 0.0003 0.0001
1.32 0.0000 0.0000 0.0372 0.0054 0.0004 0.0000
1.35 0.0000 0.0000 0.0627 0.0087 0.0005 0.0001
1.38 0.0000 0.0000 0.0977 0.0122 0.0006 0.0000
1.41 0.0000 0.0000 0.1420 0.0164 0.0007 0.0001
1.44 0.0000 0.0000 0.1953 0.0226 0.0010 0.0002
1.47 0.0000 0.0000 0.2558 0.0332 0.0016 0.0003
1.50 0.0000 0.0000 0.3225 0.0494 0.0028 0.0005
1.53 0.0000 0.0000 0.3941 0.0689 0.0052 0.0002
1.56 0.0000 0.0000 0.4701 0.0892 0.0103 0.0020
1.59 0.0000 0.0000 0.5500 0.1069 0.0195 0.0073
1.62 0.0000 0.0000 0.6319 0.1198 0.0338 0.0164
1.65 0.0000 0.0000 0.7130 0.1253 0.0533 0.0271
1.68 0.0000 0.0000 0.7913 0.1221 0.0779 0.0365
1.71 0.0000 0.0000 0.8641 0.1108 0.1067 0.0417
1.74 0.0000 0.0000 0.9291 0.0909 0.1400 0.0417
1.77 0.0000 0.0000 0.9806 0.0640 0.1779 0.0371
1.80 0.0000 0.0000 1.0175 0.0342 0.2213 0.0290
1.83 0.0000 0.0000 1.0395 0.0103 0.2697 0.0211
1.86 0.0000 0.0000 1.0421 0.0315 0.3230 0.0228
1.89 0.0000 0.0000 1.0286 0.0578 0.3807 0.0356
1.92 0.0000 0.0000 0.9982 0.0800 0.4415 0.0525
1.95 0.0000 0.0000 0.9548 0.0971 0.5056 0.0705
1.98 0.0000 0.0000 0.9008 0.1085 0.5700 0.0879
2.01 0.0000 0.0000 0.8379 0.1140 0.6357 0.1038
2.04 0.0000 0.0000 0.7708 0.1147 0.7020 0.1167
2.07 0.0000 0.0000 0.7004 0.1105 0.7681 0.1266
2.10 0.0000 0.0000 0.6310 0.1018 0.8342 0.1315
2.13 0.0000 0.0000 0.5629 0.0904 0.9005 0.1324
2.16 0.0000 0.0000 0.4995 0.0765 0.9654 0.1274
2.19 0.0000 0.0000 0.4414 0.0618 1.0297 0.1168
2.22 0.0000 0.0000 0.3888 0.0474 1.0918 0.1002
2.25 0.0000 0.0000 0.3435 0.0340 1.1510 0.0778
2.28 0.0000 0.0000 0.3054 0.0230 1.2059 0.0516
2.31 0.0003 0.0002 0.2739 0.0139 1.2536 0.0221
2.34 0.0022 0.0008 0.2493 0.0067 1.2928 0.0169
2.37 0.0104 0.0026 0.2306 0.0026 1.3207 0.0461
2.40 0.0365 0.0071 0.2182 0.0040 1.3370 0.0751
2.43 0.0987 0.0166 0.2112 0.0067 1.3385 0.0993
2.46 0.2094 0.0299 0.2103 0.0091 1.3254 0.1169
2.49 0.3723 0.0459 0.2152 0.0110 1.2991 0.1261
2.52 0.5807 0.0709 0.2256 0.0132 1.2596 0.1279
2.55 0.8266 0.1061 0.2422 0.0153 1.2111 0.1232
2.58 1.0999 0.1379 0.2657 0.0181 1.1547 0.1132
2.61 1.3902 0.1533 0.2953 0.0214 1.0948 0.0996
2.64 1.6822 0.1444 0.3314 0.0251 1.0343 0.0857
2.67 1.9529 0.1147 0.3748 0.0299 0.9747 0.0711
2.70 2.1836 0.0705 0.4246 0.0349 0.9196 0.0578
2.73 2.3569 0.0235 0.4803 0.0400 0.8696 0.0462
2.76 2.4604 0.0233 0.5417 0.0451 0.8242 0.0358
2.79 2.4953 0.0592 0.6084 0.0495 0.7867 0.0286
2.82 2.4648 0.0866 0.6792 0.0533 0.7553 0.0237
2.85 2.3819 0.1048 0.7528 0.0560 0.7301 0.0201
2.88 2.2566 0.1128 0.8279 0.0568 0.7105 0.0188
2.91 2.1053 0.1125 0.9041 0.0567 0.6975 0.0190
2.94 1.9377 0.1056 0.9795 0.0545 0.6895 0.0197
2.97 1.7687 0.0927 1.0535 0.0514 0.6860 0.0206
3.00 1.6025 0.0763 1.1239 0.0465 0.6876 0.0217
3.03 1.4504 0.0563 1.1908 0.0405 0.6932 0.0227
3.06 1.3117 0.0374 1.2521 0.0332 0.7021 0.0235
3.09 1.1917 0.0187 1.3075 0.0259 0.7144 0.0238
3.12 1.0903 0.0079 1.3552 0.0186 0.7301 0.0243
3.15 1.0083 0.0179 1.3959 0.0112 0.7479 0.0248
3.18 0.9433 0.0276 1.4282 0.0066 0.7684 0.0250
3.21 0.8940 0.0332 1.4523 0.0082 0.7902 0.0253
3.24 0.8577 0.0341 1.4681 0.0131 0.8136 0.0252
3.27 0.8326 0.0321 1.4751 0.0181 0.8377 0.0256
3.30 0.8164 0.0278 1.4740 0.0216 0.8633 0.0258
3.33 0.8062 0.0219 1.4648 0.0238 0.8890 0.0261
3.36 0.8023 0.0162 1.4491 0.0250 0.9147 0.0265
3.39 0.8005 0.0125 1.4274 0.0250 0.9404 0.0266
3.42 0.8014 0.0108 1.4003 0.0232 0.9655 0.0266
3.45 0.8033 0.0104 1.3701 0.0214 0.9896 0.0268
3.48 0.8081 0.0095 1.3367 0.0186 1.0130 0.0264
3.51 0.8123 0.0087 1.3017 0.0152 1.0351 0.0259
3.54 0.8181 0.0076 1.2666 0.0116 1.0557 0.0250
3.57 0.8250 0.0060 1.2326 0.0089 1.0751 0.0242
3.60 0.8323 0.0046 1.1998 0.0066 1.0927 0.0224
3.63 0.8408 0.0037 1.1695 0.0059 1.1092 0.0206
3.66 0.8508 0.0033 1.1421 0.0068 1.1228 0.0186
3.69 0.8617 0.0034 1.1170 0.0077 1.1352 0.0159
3.72 0.8731 0.0041 1.0953 0.0091 1.1455 0.0133
3.75 0.8851 0.0045 1.0766 0.0097 1.1537 0.0108
3.78 0.8988 0.0049 1.0608 0.0106 1.1597 0.0078
3.81 0.9129 0.0051 1.0474 0.0110 1.1635 0.0061
3.84 0.9273 0.0047 1.0363 0.0107 1.1655 0.0047
3.87 0.9416 0.0040 1.0269 0.0105 1.1651 0.0056
3.90 0.9566 0.0037 1.0195 0.0097 1.1631 0.0067
3.93 0.9708 0.0040 1.0136 0.0092 1.1589 0.0083
3.96 0.9851 0.0027 1.0085 0.0084 1.1536 0.0091
3.99 0.9992 0.0023 1.0045 0.0072 1.1462 0.0096
4.02 1.0126 0.0024 1.0012 0.0061 1.1377 0.0093
4.05 1.0252 0.0029 0.9982 0.0051 1.1286 0.0090
4.08 1.0366 0.0035 0.9961 0.0048 1.1187 0.0082
4.11 1.0482 0.0035 0.9941 0.0049 1.1083 0.0075
4.14 1.0590 0.0032 0.9921 0.0052 1.0979 0.0064
4.17 1.0685 0.0032 0.9906 0.0064 1.0877 0.0058
4.20 1.0775 0.0039 0.9890 0.0075 1.0785 0.0059
4.23 1.0855 0.0037 0.9875 0.0087 1.0692 0.0061
4.26 1.0929 0.0044 0.9858 0.0095 1.0609 0.0069
4.29 1.0995 0.0042 0.9842 0.0103 1.0536 0.0075
4.32 1.1057 0.0048 0.9826 0.0113 1.0467 0.0080
4.35 1.1104 0.0046 0.9811 0.0114 1.0412 0.0081
4.38 1.1148 0.0052 0.9792 0.0118 1.0358 0.0080
4.41 1.1183 0.0048 0.9775 0.0116 1.0312 0.0076
4.44 1.1210 0.0046 0.9758 0.0111 1.0275 0.0071
4.47 1.1234 0.0042 0.9740 0.0105 1.0245 0.0058
4.50 1.1242 0.0034 0.9726 0.0097 1.0214 0.0050
4.53 1.1246 0.0031 0.9713 0.0085 1.0189 0.0037
4.56 1.1241 0.0021 0.9701 0.0073 1.0168 0.0030
4.59 1.1223 0.0026 0.9689 0.0058 1.0147 0.0033
4.62 1.1195 0.0029 0.9682 0.0050 1.0127 0.0047
4.65 1.1166 0.0033 0.9672 0.0038 1.0108 0.0063
4.68 1.1122 0.0037 0.9669 0.0032 1.0089 0.0080
4.71 1.1066 0.0043 0.9668 0.0033 1.0068 0.0097
4.74 1.1003 0.0053 0.9668 0.0040 1.0051 0.0115
4.77 1.0936 0.0058 0.9670 0.0048 1.0028 0.0130
4.80 1.0858 0.0066 0.9677 0.0056 1.0005 0.0140
4.83 1.0772 0.0072 0.9686 0.0065 0.9981 0.0152
4.86 1.0674 0.0072 0.9695 0.0072 0.9957 0.0158
4.89 1.0575 0.0072 0.9709 0.0077 0.9931 0.0164
4.92 1.0472 0.0071 0.9724 0.0082 0.9903 0.0168
4.95 1.0360 0.0072 0.9743 0.0083 0.9876 0.0166
4.98 1.0252 0.0069 0.9761 0.0083 0.9847 0.0164
5.01 1.0142 0.0066 0.9780 0.0083 0.9821 0.0161
5.04 1.0027 0.0065 0.9800 0.0081 0.9794 0.0155
5.07 0.9916 0.0061 0.9823 0.0074 0.9769 0.0146
5.10 0.9808 0.0057 0.9846 0.0069 0.9745 0.0136
5.13 0.9702 0.0054 0.9869 0.0062 0.9724 0.0125
5.16 0.9599 0.0047 0.9890 0.0056 0.9702 0.0114
5.19 0.9495 0.0043 0.9912 0.0048 0.9686 0.0100
5.22 0.9403 0.0042 0.9934 0.0039 0.9668 0.0088
5.25 0.9317 0.0035 0.9952 0.0030 0.9658 0.0076
5.28 0.9240 0.0030 0.9971 0.0023 0.9648 0.0063
5.31 0.9165 0.0029 0.9989 0.0023 0.9639 0.0049
5.34 0.9093 0.0024 1.0004 0.0026 0.9636 0.0036
5.37 0.9033 0.0019 1.0015 0.0035 0.9635 0.0024
5.40 0.8980 0.0019 1.0026 0.0045 0.9632 0.0018
5.43 0.8932 0.0019 1.0035 0.0055 0.9637 0.0016
5.46 0.8896 0.0023 1.0038 0.0065 0.9641 0.0020
5.49 0.8868 0.0022 1.0039 0.0074 0.9652 0.0029
5.52 0.8847 0.0028 1.0038 0.0081 0.9663 0.0037
5.55 0.8837 0.0032 1.0035 0.0089 0.9676 0.0043
5.58 0.8834 0.0039 1.0028 0.0095 0.9692 0.0049
5.61 0.8841 0.0041 1.0019 0.0099 0.9708 0.0053
5.64 0.8858 0.0041 1.0006 0.0102 0.9725 0.0056
5.67 0.8881 0.0045 0.9989 0.0101 0.9746 0.0058
5.70 0.8907 0.0047 0.9972 0.0103 0.9767 0.0057
5.73 0.8946 0.0047 0.9954 0.0097 0.9790 0.0056
5.76 0.8991 0.0047 0.9935 0.0095 0.9810 0.0052
5.79 0.9041 0.0040 0.9912 0.0088 0.9834 0.0050
5.82 0.9099 0.0037 0.9894 0.0081 0.9860 0.0046
5.85 0.9160 0.0031 0.9868 0.0073 0.9881 0.0040
5.88 0.9222 0.0023 0.9848 0.0063 0.9901 0.0033
5.91 0.9294 0.0020 0.9827 0.0053 0.9923 0.0025
5.94 0.9362 0.0018 0.9806 0.0045 0.9943 0.0023
5.97 0.9437 0.0017 0.9788 0.0038 0.9960 0.0020
6.00 0.9510 0.0017 0.9772 0.0033 0.9977 0.0019
6.03 0.9582 0.0021 0.9759 0.0029 0.9993 0.0021
6.06 0.9653 0.0028 0.9746 0.0027 1.0005 0.0025
6.09 0.9722 0.0030 0.9738 0.0029 1.0016 0.0029
6.12 0.9795 0.0030 0.9734 0.0032 1.0026 0.0033
6.15 0.9862 0.0031 0.9731 0.0034 1.0033 0.0036
6.18 0.9930 0.0034 0.9731 0.0039 1.0037 0.0036
6.21 0.9999 0.0034 0.9737 0.0040 1.0039 0.0038
6.24 1.0053 0.0031 0.9742 0.0043 1.0039 0.0038
6.27 1.0114 0.0027 0.9752 0.0046 1.0039 0.0037
6.30 1.0177 0.0027 0.9763 0.0045 1.0038 0.0033
6.33 1.0226 0.0025 0.9778 0.0043 1.0035 0.0031
6.36 1.0277 0.0025 0.9792 0.0042 1.0030 0.0028
6.39 1.0326 0.0025 0.9812 0.0039 1.0025 0.0025
6.42 1.0371 0.0023 0.9829 0.0035 1.0021 0.0020
6.45 1.0411 0.0023 0.9850 0.0034 1.0013 0.0014
6.48 1.0449 0.0022 0.9872 0.0029 1.0007 0.0013
6.51 1.0483 0.0024 0.9893 0.0027 1.0000 0.0013
6.54 1.0515 0.0022 0.9915 0.0022 0.9995 0.0014
6.57 1.0539 0.0020 0.9937 0.0022 0.9990 0.0018
6.60 1.0561 0.0019 0.9961 0.0018 0.9987 0.0022
6.63 1.0578 0.0019 0.9982 0.0018 0.9982 0.0025
6.66 1.0592 0.0015 1.0004 0.0014 0.9982 0.0031
6.69 1.0605 0.0016 1.0025 0.0012 0.9980 0.0033
6.72 1.0609 0.0016 1.0046 0.0014 0.9976 0.0037
6.75 1.0611 0.0013 1.0066 0.0013 0.9979 0.0041
6.78 1.0607 0.0018 1.0083 0.0015 0.9979 0.0042
6.81 1.0603 0.0014 1.0100 0.0017 0.9979 0.0043
6.84 1.0589 0.0011 1.0115 0.0017 0.9982 0.0043
6.87 1.0579 0.0015 1.0131 0.0016 0.9984 0.0045
6.90 1.0560 0.0009 1.0143 0.0018 0.9989 0.0045
6.93 1.0542 0.0010 1.0155 0.0017 0.9993 0.0045
6.96 1.0520 0.0010 1.0167 0.0019 1.0000 0.0042
6.99 1.0497 0.0011 1.0176 0.0016 1.0004 0.0040
7.02 1.0467 0.0011 1.0184 0.0017 1.0010 0.0037
7.05 1.0441 0.0012 1.0191 0.0015 1.0016 0.0035
7.08 1.0407 0.0013 1.0198 0.0015 1.0021 0.0031
7.11 1.0376 0.0010 1.0203 0.0015 1.0028 0.0028
7.14 1.0347 0.0012 1.0204 0.0015 1.0033 0.0025
7.17 1.0310 0.0009 1.0205 0.0015 1.0041 0.0022
7.20 1.0276 0.0009 1.0208 0.0013 1.0046 0.0020
7.23 1.0243 0.0009 1.0209 0.0013 1.0053 0.0015
7.26 1.0205 0.0011 1.0208 0.0014 1.0058 0.0013
7.29 1.0171 0.0008 1.0205 0.0012 1.0062 0.0011
7.32 1.0136 0.0008 1.0202 0.0013 1.0069 0.0009
7.35 1.0102 0.0006 1.0198 0.0014 1.0072 0.0009
7.38 1.0066 0.0006 1.0195 0.0014 1.0076 0.0008
7.41 1.0036 0.0005 1.0189 0.0012 1.0078 0.0008
7.44 1.0005 0.0004 1.0184 0.0013 1.0081 0.0009
7.47 0.9976 0.0003 1.0177 0.0014 1.0083 0.0011
7.50 0.9947 0.0004 1.0171 0.0013 1.0084 0.0010
7.53 0.9919 0.0005 1.0163 0.0012 1.0087 0.0011
7.56 0.9895 0.0004 1.0156 0.0010 1.0088 0.0012
7.59 0.9870 0.0004 1.0146 0.0009 1.0087 0.0012
7.62 0.9849 0.0007 1.0137 0.0008 1.0087 0.0012
7.65 0.9832 0.0008 1.0129 0.0008 1.0088 0.0012
7.68 0.9812 0.0012 1.0117 0.0006 1.0085 0.0012
7.71 0.9801 0.0009 1.0107 0.0007 1.0084 0.0012
7.74 0.9786 0.0010 1.0096 0.0006 1.0082 0.0013
7.77 0.9775 0.0010 1.0084 0.0007 1.0081 0.0014
7.80 0.9770 0.0010 1.0075 0.0009 1.0079 0.0015
7.83 0.9763 0.0012 1.0063 0.0012 1.0077 0.0015
7.86 0.9759 0.0012 1.0052 0.0013 1.0074 0.0016
7.89 0.9758 0.0013 1.0039 0.0014 1.0072 0.0016
7.92 0.9758 0.0016 1.0027 0.0014 1.0071 0.0015
7.95 0.9761 0.0013 1.0017 0.0016 1.0067 0.0017
7.98 0.9768 0.0012 1.0004 0.0015 1.0063 0.0018
8.01 0.9773 0.0013 0.9993 0.0016 1.0061 0.0016
8.04 0.9779 0.0013 0.9983 0.0016 1.0058 0.0017
8.07 0.9790 0.0012 0.9970 0.0016 1.0055 0.0018
8.10 0.9800 0.0013 0.9962 0.0015 1.0051 0.0017
8.13 0.9810 0.0009 0.9952 0.0016 1.0048 0.0017
8.16 0.9823 0.0012 0.9941 0.0014 1.0044 0.0016
8.19 0.9834 0.0007 0.9935 0.0013 1.0040 0.0016
8.22 0.9848 0.0007 0.9925 0.0014 1.0037 0.0017
8.25 0.9863 0.0006 0.9917 0.0012 1.0033 0.0017
8.28 0.9876 0.0006 0.9914 0.0013 1.0030 0.0017
8.31 0.9891 0.0006 0.9907 0.0011 1.0024 0.0017
8.34 0.9908 0.0005 0.9902 0.0011 1.0019 0.0018
8.37 0.9919 0.0005 0.9898 0.0010 1.0013 0.0017
8.40 0.9936 0.0003 0.9895 0.0010 1.0010 0.0018
8.43 0.9947 0.0005 0.9893 0.0009 1.0003 0.0019
8.46 0.9962 0.0005 0.9891 0.0010 0.9998 0.0018
8.49 0.9974 0.0006 0.9890 0.0011 0.9992 0.0018
8.52 0.9985 0.0008 0.9888 0.0008 0.9986 0.0018
8.55 0.9997 0.0009 0.9892 0.0011 0.9981 0.0018
8.58 1.0008 0.0008 0.9893 0.0011 0.9975 0.0018
8.61 1.0016 0.0006 0.9897 0.0012 0.9971 0.0017
8.64 1.0021 0.0007 0.9899 0.0011 0.9964 0.0016
8.67 1.0029 0.0009 0.9902 0.0010 0.9960 0.0016
8.70 1.0037 0.0007 0.9907 0.0011 0.9955 0.0015
8.73 1.0042 0.0009 0.9912 0.0011 0.9951 0.0013
8.76 1.0046 0.0008 0.9916 0.0010 0.9945 0.0012
8.79 1.0047 0.0006 0.9921 0.0009 0.9941 0.0011
8.82 1.0050 0.0006 0.9929 0.0010 0.9938 0.0008
8.85 1.0053 0.0006 0.9934 0.0009 0.9934 0.0007
8.88 1.0050 0.0006 0.9940 0.0008 0.9931 0.0008
8.91 1.0050 0.0005 0.9947 0.0009 0.9930 0.0008
8.94 1.0049 0.0005 0.9954 0.0010 0.9928 0.0010
8.97 1.0048 0.0006 0.9961 0.0010 0.9927 0.0010
9.00 1.0047 0.0005 0.9966 0.0011 0.9926 0.0013
9.03 1.0044 0.0006 0.9970 0.0011 0.9927 0.0015
9.06 1.0039 0.0007 0.9975 0.0013 0.9928 0.0016
9.09 1.0036 0.0004 0.9981 0.0013 0.9928 0.0016
9.12 1.0030 0.0004 0.9986 0.0014 0.9930 0.0018
9.15 1.0026 0.0006 0.9991 0.0013 0.9931 0.0018
9.18 1.0025 0.0005 0.9995 0.0014 0.9933 0.0019
9.21 1.0023 0.0008 0.9999 0.0014 0.9936 0.0019
9.24 1.0016 0.0006 1.0002 0.0013 0.9939 0.0020
9.27 1.0012 0.0005 1.0005 0.0013 0.9941 0.0018
9.30 1.0010 0.0006 1.0007 0.0013 0.9945 0.0019
9.33 1.0003 0.0003 1.0010 0.0012 0.9950 0.0019
9.36 1.0005 0.0007 1.0012 0.0013 0.9952 0.0017
9.39 1.0001 0.0005 1.0014 0.0010 0.9957 0.0016
9.42 0.9996 0.0005 1.0016 0.0009 0.9962 0.0015
9.45 0.9994 0.0004 1.0017 0.0008 0.9966 0.0012
9.48 0.9991 0.0005 1.0017 0.0008 0.9970 0.0012
9.51 0.9991 0.0004 1.0019 0.0007 0.9976 0.0010
9.54 0.9988 0.0004 1.0020 0.0007 0.9978 0.0008
9.57 0.9983 0.0003 1.0019 0.0005 0.9984 0.0007
9.60 0.9984 0.0003 1.0019 0.0005 0.9989 0.0005
9.63 0.9980 0.0002 1.0019 0.0007 0.9993 0.0004
9.66 0.9977 0.0001 1.0017 0.0008 0.9997 0.0003
9.69 0.9978 0.0003 1.0017 0.0009 1.0003 0.0003
9.72 0.9975 0.0005 1.0018 0.0010 1.0004 0.0006
9.75 0.9979 0.0004 1.0017 0.0012 1.0009 0.0004
9.78 0.9977 0.0006 1.0016 0.0012 1.0013 0.0006
9.81 0.9982 0.0006 1.0014 0.0012 1.0015 0.0007
9.84 0.9979 0.0006 1.0014 0.0014 1.0019 0.0007
9.87 0.9979 0.0007 1.0014 0.0014 1.0020 0.0008
9.90 0.9980 0.0008 1.0012 0.0014 1.0023 0.0007
9.93 0.9982 0.0007 1.0012 0.0015 1.0026 0.0007
9.96 0.9985 0.0008 1.0011 0.0015 1.0027 0.0008
9.99 0.9988 0.0007 1.0011 0.0013 1.0029 0.0007
10.02 0.9990 0.0010 1.0009 0.0014 1.0030 0.0007
10.05 0.9992 0.0009 1.0011 0.0014 1.0031 0.0007
10.08 0.9998 0.0009 1.0009 0.0012 1.0032 0.0007
10.11 1.0000 0.0008 1.0010 0.0011 1.0033 0.0007
10.14 1.0003 0.0009 1.0009 0.0011 1.0033 0.0007
10.17 1.0007 0.0007 1.0009 0.0010 1.0033 0.0008
10.20 1.0010 0.0007 1.0009 0.0009 1.0032 0.0009
10.23 1.0013 0.0008 1.0009 0.0008 1.0033 0.0009
10.26 1.0018 0.0007 1.0009 0.0008 1.0032 0.0010
10.29 1.0022 0.0006 1.0010 0.0008 1.0031 0.0010
10.32 1.0025 0.0006 1.0011 0.0006 1.0031 0.0011
10.35 1.0028 0.0007 1.0010 0.0005 1.0030 0.0012
10.38 1.0029 0.0007 1.0012 0.0006 1.0030 0.0011
10.41 1.0031 0.0003 1.0012 0.0005 1.0028 0.0011
10.44 1.0036 0.0005 1.0012 0.0003 1.0028 0.0009
10.47 1.0036 0.0005 1.0012 0.0003 1.0027 0.0010
10.50 1.0037 0.0006 1.0013 0.0003 1.0027 0.0010
10.53 1.0040 0.0008 1.0013 0.0002 1.0026 0.0008
10.56 1.0041 0.0007 1.0012 0.0002 1.0024 0.0007
10.59 1.0041 0.0006 1.0013 0.0004 1.0024 0.0005
10.62 1.0037 0.0006 1.0014 0.0002 1.0023 0.0005
10.65 1.0040 0.0007 1.0013 0.0003 1.0022 0.0005
10.68 1.0039 0.0008 1.0015 0.0005 1.0022 0.0006
10.71 1.0041 0.0009 1.0014 0.0005 1.0020 0.0007
10.74 1.0040 0.0007 1.0017 0.0006 1.0020 0.0010
10.77 1.0039 0.0008 1.0016 0.0006 1.0018 0.0014
10.80 1.0037 0.0007 1.0014 0.0006 1.0016 0.0014
10.83 1.0035 0.0009 1.0015 0.0008 1.0017 0.0016
10.86 1.0033 0.0009 1.0018 0.0008 1.0015 0.0019
10.89 1.0034 0.0008 1.0017 0.0008 1.0014 0.0021
10.92 1.0031 0.0008 1.0018 0.0011 1.0013 0.0022
10.95 1.0029 0.0009 1.0018 0.0010 1.0012 0.0024
10.98 1.0027 0.0009 1.0017 0.0010 1.0009 0.0026
11.01 1.0026 0.0010 1.0018 0.0009 1.0009 0.0026
11.04 1.0022 0.0009 1.0019 0.0011 1.0007 0.0027
11.07 1.0019 0.0011 1.0019 0.0010 1.0005 0.0026
11.10 1.0018 0.0011 1.0018 0.0011 1.0004 0.0026
11.13 1.0015 0.0011 1.0019 0.0010 1.0003 0.0024
11.16 1.0013 0.0011 1.0018 0.0011 1.0000 0.0023
11.19 1.0010 0.0011 1.0018 0.0010 0.9999 0.0023
11.22 1.0008 0.0011 1.0016 0.0011 0.9998 0.0020
11.25 1.0005 0.0011 1.0016 0.0011 0.9996 0.0017
11.28 1.0001 0.0012 1.0015 0.0012 0.9995 0.0015
11.31 0.9997 0.0011 1.0014 0.0013 0.9994 0.0012
11.34 0.9995 0.0011 1.0013 0.0013 0.9991 0.0010
11.37 0.9991 0.0009 1.0012 0.0016 0.9990 0.0006
11.40 0.9989 0.0010 1.0011 0.0015 0.9989 0.0005
11.43 0.9987 0.0008 1.0010 0.0017 0.9987 0.0004
11.46 0.9982 0.0007 1.0008 0.0018 0.9986 0.0006
11.49 0.9983 0.0009 1.0006 0.0018 0.9986 0.0009
11.52 0.9982 0.0008 1.0004 0.0019 0.9984 0.0012
11.55 0.9979 0.0006 1.0004 0.0018 0.9984 0.0014
11.58 0.9977 0.0009 1.0001 0.0019 0.9984 0.0017
11.61 0.9976 0.0008 1.0000 0.0019 0.9984 0.0019
11.64 0.9975 0.0007 0.9998 0.0018 0.9984 0.0021
11.67 0.9976 0.0007 0.9995 0.0018 0.9984 0.0021
11.70 0.9973 0.0010 0.9993 0.0018 0.9984 0.0022
11.73 0.9974 0.0008 0.9991 0.0018 0.9984 0.0023
11.76 0.9971 0.0009 0.9989 0.0016 0.9985 0.0022
11.79 0.9974 0.0010 0.9988 0.0015 0.9986 0.0021
11.82 0.9972 0.0011 0.9984 0.0012 0.9987 0.0020
11.85 0.9973 0.0013 0.9984 0.0011 0.9988 0.0019
11.88 0.9974 0.0013 0.9981 0.0011 0.9989 0.0018
11.91 0.9973 0.0015 0.9980 0.0009 0.9990 0.0016
11.94 0.9975 0.0016 0.9978 0.0009 0.9992 0.0014
11.97 0.9974 0.0016 0.9976 0.0008 0.9992 0.0012
12.00 0.9974 0.0018 0.9975 0.0009 0.9993 0.0010
